(kicad_pcb (version 20171130) (host pcbnew "(5.1.10)-1")

  (general
    (thickness 1.6)
    (drawings 65)
    (tracks 283)
    (zones 0)
    (modules 60)
    (nets 39)
  )

  (page A4)
  (layers
    (0 F.Cu signal)
    (1 In1.Cu signal)
    (2 In2.Cu signal)
    (31 B.Cu signal)
    (32 B.Adhes user)
    (33 F.Adhes user)
    (34 B.Paste user)
    (35 F.Paste user)
    (36 B.SilkS user)
    (37 F.SilkS user)
    (38 B.Mask user)
    (39 F.Mask user)
    (40 Dwgs.User user)
    (41 Cmts.User user)
    (42 Eco1.User user)
    (43 Eco2.User user)
    (44 Edge.Cuts user)
    (45 Margin user)
    (46 B.CrtYd user)
    (47 F.CrtYd user)
    (48 B.Fab user)
    (49 F.Fab user)
  )

  (setup
    (last_trace_width 0.25)
    (user_trace_width 0.3)
    (user_trace_width 0.4)
    (user_trace_width 0.5)
    (user_trace_width 0.6)
    (user_trace_width 0.7)
    (user_trace_width 0.8)
    (user_trace_width 1)
    (user_trace_width 1.2)
    (user_trace_width 1.4)
    (user_trace_width 2)
    (trace_clearance 0.2)
    (zone_clearance 0.254)
    (zone_45_only yes)
    (trace_min 0.2)
    (via_size 0.8)
    (via_drill 0.4)
    (via_min_size 0.4)
    (via_min_drill 0.3)
    (user_via 1.1 0.6)
    (user_via 1.2 0.7)
    (user_via 1.6 1)
    (user_via 1.8 1.2)
    (user_via 2 1.4)
    (user_via 2.4 1.8)
    (uvia_size 0.3)
    (uvia_drill 0.1)
    (uvias_allowed no)
    (uvia_min_size 0.2)
    (uvia_min_drill 0.1)
    (edge_width 0.1)
    (segment_width 0.2)
    (pcb_text_width 0.3)
    (pcb_text_size 1.5 1.5)
    (mod_edge_width 0.15)
    (mod_text_size 1 1)
    (mod_text_width 0.15)
    (pad_size 2.29 3.81)
    (pad_drill 2.29)
    (pad_to_mask_clearance 0)
    (aux_axis_origin 57.4 55)
    (grid_origin 57.4 55)
    (visible_elements 7FFFFFFF)
    (pcbplotparams
      (layerselection 0x010fc_ffffffff)
      (usegerberextensions false)
      (usegerberattributes true)
      (usegerberadvancedattributes true)
      (creategerberjobfile true)
      (excludeedgelayer true)
      (linewidth 0.020000)
      (plotframeref false)
      (viasonmask false)
      (mode 1)
      (useauxorigin false)
      (hpglpennumber 1)
      (hpglpenspeed 20)
      (hpglpendiameter 15.000000)
      (psnegative false)
      (psa4output false)
      (plotreference true)
      (plotvalue true)
      (plotinvisibletext false)
      (padsonsilk false)
      (subtractmaskfromsilk true)
      (outputformat 1)
      (mirror false)
      (drillshape 0)
      (scaleselection 1)
      (outputdirectory "Gerbers/"))
  )

  (net 0 "")
  (net 1 "Net-(C3-Pad2)")
  (net 2 "Net-(C3-Pad1)")
  (net 3 "Net-(C4-Pad2)")
  (net 4 "Net-(C4-Pad1)")
  (net 5 GND1)
  (net 6 +5P)
  (net 7 "Net-(C11-Pad1)")
  (net 8 GND2)
  (net 9 +5VP)
  (net 10 "Net-(J1-Pad1)")
  (net 11 /scl0)
  (net 12 /sda0)
  (net 13 "Net-(K1-Pad8)")
  (net 14 "Net-(K2-Pad8)")
  (net 15 /I2C_SDA)
  (net 16 /I2C_SCL)
  (net 17 "Net-(Q5-Pad1)")
  (net 18 "Net-(Q6-Pad1)")
  (net 19 /K1_set)
  (net 20 /K1_rst)
  (net 21 /K2_set)
  (net 22 /K2_rst)
  (net 23 "Net-(J1-Pad3)")
  (net 24 "Net-(Q5-Pad3)")
  (net 25 "Net-(Q6-Pad3)")
  (net 26 "Net-(C5-Pad2)")
  (net 27 "Net-(C5-Pad1)")
  (net 28 "Net-(C6-Pad2)")
  (net 29 "Net-(C7-Pad1)")
  (net 30 "Net-(C11-Pad2)")
  (net 31 "Net-(C12-Pad2)")
  (net 32 "Net-(C12-Pad1)")
  (net 33 "Net-(Q1-Pad3)")
  (net 34 "Net-(Q1-Pad1)")
  (net 35 "Net-(Q2-Pad3)")
  (net 36 "Net-(Q2-Pad1)")
  (net 37 "Net-(Q3-Pad2)")
  (net 38 "Net-(Q4-Pad2)")

  (net_class Default "Это класс цепей по умолчанию."
    (clearance 0.2)
    (trace_width 0.25)
    (via_dia 0.8)
    (via_drill 0.4)
    (uvia_dia 0.3)
    (uvia_drill 0.1)
    (add_net +5P)
    (add_net +5VP)
    (add_net /I2C_SCL)
    (add_net /I2C_SDA)
    (add_net /K1_rst)
    (add_net /K1_set)
    (add_net /K2_rst)
    (add_net /K2_set)
    (add_net /scl0)
    (add_net /sda0)
    (add_net GND1)
    (add_net GND2)
    (add_net "Net-(C11-Pad1)")
    (add_net "Net-(C11-Pad2)")
    (add_net "Net-(C12-Pad1)")
    (add_net "Net-(C12-Pad2)")
    (add_net "Net-(C3-Pad1)")
    (add_net "Net-(C3-Pad2)")
    (add_net "Net-(C4-Pad1)")
    (add_net "Net-(C4-Pad2)")
    (add_net "Net-(C5-Pad1)")
    (add_net "Net-(C5-Pad2)")
    (add_net "Net-(C6-Pad2)")
    (add_net "Net-(C7-Pad1)")
    (add_net "Net-(J1-Pad1)")
    (add_net "Net-(J1-Pad3)")
    (add_net "Net-(K1-Pad8)")
    (add_net "Net-(K2-Pad8)")
    (add_net "Net-(Q1-Pad1)")
    (add_net "Net-(Q1-Pad3)")
    (add_net "Net-(Q2-Pad1)")
    (add_net "Net-(Q2-Pad3)")
    (add_net "Net-(Q3-Pad2)")
    (add_net "Net-(Q4-Pad2)")
    (add_net "Net-(Q5-Pad1)")
    (add_net "Net-(Q5-Pad3)")
    (add_net "Net-(Q6-Pad1)")
    (add_net "Net-(Q6-Pad3)")
  )

  (net_class AC230V ""
    (clearance 0.8)
    (trace_width 2)
    (via_dia 1.8)
    (via_drill 1)
    (uvia_dia 0.3)
    (uvia_drill 0.1)
  )

  (module Modules:MountingHole_2.29x5.46mm (layer F.Cu) (tedit 61E95A10) (tstamp 61E9EFF7)
    (at 103.101 59.3625)
    (descr "Mounting Hole 4mm, no annular")
    (tags "mounting hole 4mm no annular")
    (attr virtual)
    (fp_text reference REF** (at 0 -2.794) (layer F.SilkS) hide
      (effects (font (size 1 1) (thickness 0.15)))
    )
    (fp_text value MountingHole_2.29x5.46mm (at 0 2.921) (layer F.Fab) hide
      (effects (font (size 1 1) (thickness 0.15)))
    )
    (fp_circle (center 0 0) (end 2.667 0) (layer Cmts.User) (width 0.15))
    (fp_circle (center 0 0) (end 2.794 0) (layer F.CrtYd) (width 0.05))
    (fp_text user %R (at -0.0635 0.0635) (layer F.Fab) hide
      (effects (font (size 1 1) (thickness 0.15)))
    )
    (pad "" np_thru_hole oval (at 0 0) (size 2.29 5.46) (drill oval 2.29 5.46) (layers *.Cu *.Mask))
  )

  (module Modules:MountingHole_2.29x3.81mm (layer F.Cu) (tedit 61E95743) (tstamp 61E9E9D3)
    (at 100.307 65.522)
    (descr "Mounting Hole 4mm, no annular")
    (tags "mounting hole 4mm no annular")
    (attr virtual)
    (fp_text reference REF** (at 0 -2.794) (layer F.SilkS) hide
      (effects (font (size 1 1) (thickness 0.15)))
    )
    (fp_text value MountingHole_2.29x3.81mm (at 0 2.921) (layer F.Fab) hide
      (effects (font (size 1 1) (thickness 0.15)))
    )
    (fp_circle (center 0 0) (end 2.032 0.0635) (layer Cmts.User) (width 0.15))
    (fp_circle (center 0 0) (end 2.159 0.0635) (layer F.CrtYd) (width 0.05))
    (fp_text user %R (at -0.0635 0.0635) (layer F.Fab) hide
      (effects (font (size 1 1) (thickness 0.15)))
    )
    (pad "" np_thru_hole oval (at 0 0 90) (size 2.29 3.81) (drill oval 2.29 3.81) (layers *.Cu *.Mask))
  )

  (module Modules:MountingHole_2.29x3.81mm (layer F.Cu) (tedit 61E95743) (tstamp 61E9E665)
    (at 92.687 65.522)
    (descr "Mounting Hole 4mm, no annular")
    (tags "mounting hole 4mm no annular")
    (attr virtual)
    (fp_text reference REF** (at 0 -2.794) (layer F.SilkS) hide
      (effects (font (size 1 1) (thickness 0.15)))
    )
    (fp_text value MountingHole_2.29x3.81mm (at 0 2.921) (layer F.Fab) hide
      (effects (font (size 1 1) (thickness 0.15)))
    )
    (fp_circle (center 0 0) (end 2.159 0.0635) (layer F.CrtYd) (width 0.05))
    (fp_circle (center 0 0) (end 2.032 0.0635) (layer Cmts.User) (width 0.15))
    (fp_text user %R (at -0.0635 0.0635) (layer F.Fab) hide
      (effects (font (size 1 1) (thickness 0.15)))
    )
    (pad "" np_thru_hole oval (at 0 0 90) (size 2.29 3.81) (drill oval 2.29 3.81) (layers *.Cu *.Mask))
  )

  (module Modules:MountingHole_2.29x3.81mm (layer F.Cu) (tedit 61E95743) (tstamp 61E9E45F)
    (at 79.733 65.522)
    (descr "Mounting Hole 4mm, no annular")
    (tags "mounting hole 4mm no annular")
    (attr virtual)
    (fp_text reference REF** (at 0 -2.794) (layer F.SilkS) hide
      (effects (font (size 1 1) (thickness 0.15)))
    )
    (fp_text value MountingHole_2.29x3.81mm (at 0 2.921) (layer F.Fab) hide
      (effects (font (size 1 1) (thickness 0.15)))
    )
    (fp_circle (center 0 0) (end 2.032 0.0635) (layer Cmts.User) (width 0.15))
    (fp_circle (center 0 0) (end 2.159 0.0635) (layer F.CrtYd) (width 0.05))
    (fp_text user %R (at -0.0635 0.0635) (layer F.Fab) hide
      (effects (font (size 1 1) (thickness 0.15)))
    )
    (pad "" np_thru_hole oval (at 0 0 90) (size 2.29 3.81) (drill oval 2.29 3.81) (layers *.Cu *.Mask))
  )

  (module Modules:MountingHole_2.29x3.81mm (layer F.Cu) (tedit 61E95ABE) (tstamp 61E9E0C4)
    (at 72.1765 65.522)
    (descr "Mounting Hole 4mm, no annular")
    (tags "mounting hole 4mm no annular")
    (attr virtual)
    (fp_text reference REF** (at 0 -2.794) (layer F.SilkS) hide
      (effects (font (size 1 1) (thickness 0.15)))
    )
    (fp_text value MountingHole_2.29x3.81mm (at 0 2.921) (layer F.Fab) hide
      (effects (font (size 1 1) (thickness 0.15)))
    )
    (fp_circle (center 0 0) (end 2.159 0.0635) (layer F.CrtYd) (width 0.05))
    (fp_circle (center 0 0) (end 2.032 0.0635) (layer Cmts.User) (width 0.15))
    (fp_text user %R (at -0.0635 0.0635) (layer F.Fab) hide
      (effects (font (size 1 1) (thickness 0.15)))
    )
    (pad "" np_thru_hole oval (at 0 0 90) (size 2.29 3.81) (drill oval 2.29 3.81) (layers *.Cu *.Mask))
  )

  (module Modules:MountingHole_D2.0mm (layer F.Cu) (tedit 61E95710) (tstamp 61E9E068)
    (at 69.7 67.935)
    (descr "Mounting Hole 4mm, no annular")
    (tags "mounting hole 4mm no annular")
    (attr virtual)
    (fp_text reference REF** (at 0.508 -1.905) (layer F.SilkS) hide
      (effects (font (size 1 1) (thickness 0.15)))
    )
    (fp_text value MountingHole_D2.0mm (at 0 1.905) (layer F.Fab) hide
      (effects (font (size 1 1) (thickness 0.15)))
    )
    (fp_circle (center 0 0) (end 1.143 0) (layer F.CrtYd) (width 0.05))
    (fp_circle (center 0 0) (end 1.016 0) (layer Cmts.User) (width 0.15))
    (fp_text user %R (at -0.0635 0.0635) (layer F.Fab) hide
      (effects (font (size 1 1) (thickness 0.15)))
    )
    (pad "" np_thru_hole circle (at 0 0 90) (size 2 2) (drill 2) (layers *.Cu *.Mask))
  )

  (module Modules:MountingHole_D2.0mm (layer F.Cu) (tedit 61E95710) (tstamp 61E9E02B)
    (at 69.7 73.142)
    (descr "Mounting Hole 4mm, no annular")
    (tags "mounting hole 4mm no annular")
    (attr virtual)
    (fp_text reference REF** (at 0.508 -1.905) (layer F.SilkS) hide
      (effects (font (size 1 1) (thickness 0.15)))
    )
    (fp_text value MountingHole_D2.0mm (at 0 1.905) (layer F.Fab) hide
      (effects (font (size 1 1) (thickness 0.15)))
    )
    (fp_circle (center 0 0) (end 1.016 0) (layer Cmts.User) (width 0.15))
    (fp_circle (center 0 0) (end 1.143 0) (layer F.CrtYd) (width 0.05))
    (fp_text user %R (at -0.0635 0.0635) (layer F.Fab) hide
      (effects (font (size 1 1) (thickness 0.15)))
    )
    (pad "" np_thru_hole circle (at 0 0 90) (size 2 2) (drill 2) (layers *.Cu *.Mask))
  )

  (module Modules:MountingHole_D2.0mm (layer F.Cu) (tedit 61E95710) (tstamp 61E9DE49)
    (at 69.827 78.349)
    (descr "Mounting Hole 4mm, no annular")
    (tags "mounting hole 4mm no annular")
    (attr virtual)
    (fp_text reference REF** (at 0.508 -1.905) (layer F.SilkS) hide
      (effects (font (size 1 1) (thickness 0.15)))
    )
    (fp_text value MountingHole_D2.0mm (at 0 1.905) (layer F.Fab) hide
      (effects (font (size 1 1) (thickness 0.15)))
    )
    (fp_circle (center 0 0) (end 1.143 0) (layer F.CrtYd) (width 0.05))
    (fp_circle (center 0 0) (end 1.016 0) (layer Cmts.User) (width 0.15))
    (fp_text user %R (at -0.0635 0.0635) (layer F.Fab) hide
      (effects (font (size 1 1) (thickness 0.15)))
    )
    (pad "" np_thru_hole circle (at 0 0 90) (size 2 2) (drill 2) (layers *.Cu *.Mask))
  )

  (module Connector_PinSocket_1.27mm:PinSocket_2x03_P1.27mm_Horizontal (layer F.Cu) (tedit 5A19A42C) (tstamp 61C78852)
    (at 61.191 60.95 270)
    (descr "Through hole angled socket strip, 2x03, 1.27mm pitch, 4.4mm socket length, double cols (https://gct.co/pdfjs/web/viewer.html?file=/Files/Drawings/BD091.pdf&t=1511594177220), script generated")
    (tags "Through hole angled socket strip THT 2x03 1.27mm double row")
    (path /616E418D)
    (fp_text reference J2 (at -2.5925 -2.135 90) (layer F.SilkS)
      (effects (font (size 1 1) (thickness 0.15)))
    )
    (fp_text value Dig_mod_iface (at -2.5925 4.675 90) (layer F.Fab)
      (effects (font (size 1 1) (thickness 0.15)))
    )
    (fp_line (start 1.15 3.7) (end 1.15 -1.15) (layer F.CrtYd) (width 0.05))
    (fp_line (start -6.35 3.7) (end 1.15 3.7) (layer F.CrtYd) (width 0.05))
    (fp_line (start -6.35 -1.15) (end -6.35 3.7) (layer F.CrtYd) (width 0.05))
    (fp_line (start 1.15 -1.15) (end -6.35 -1.15) (layer F.CrtYd) (width 0.05))
    (fp_line (start 0 -0.76) (end 0.76 -0.76) (layer F.SilkS) (width 0.12))
    (fp_line (start 0.76 -0.76) (end 0.76 0) (layer F.SilkS) (width 0.12))
    (fp_line (start -5.88 -0.695) (end -5.88 3.235) (layer F.SilkS) (width 0.12))
    (fp_line (start -5.88 3.235) (end -1.57753 3.235) (layer F.SilkS) (width 0.12))
    (fp_line (start -5.88 -0.695) (end -1.57753 -0.695) (layer F.SilkS) (width 0.12))
    (fp_line (start -5.88 1.905) (end -1.687582 1.905) (layer F.SilkS) (width 0.12))
    (fp_line (start -5.88 0.635) (end -1.687582 0.635) (layer F.SilkS) (width 0.12))
    (fp_line (start -5.88 0.525) (end -1.819523 0.525) (layer F.SilkS) (width 0.12))
    (fp_line (start -5.88 0.415) (end -1.906691 0.415) (layer F.SilkS) (width 0.12))
    (fp_line (start -5.88 0.305) (end -1.966114 0.305) (layer F.SilkS) (width 0.12))
    (fp_line (start -5.88 0.195) (end -2.004558 0.195) (layer F.SilkS) (width 0.12))
    (fp_line (start -5.88 0.085) (end -2.025232 0.085) (layer F.SilkS) (width 0.12))
    (fp_line (start -5.88 -0.025) (end -2.029589 -0.025) (layer F.SilkS) (width 0.12))
    (fp_line (start -5.88 -0.135) (end -2.017914 -0.135) (layer F.SilkS) (width 0.12))
    (fp_line (start -5.88 -0.245) (end -1.989427 -0.245) (layer F.SilkS) (width 0.12))
    (fp_line (start -5.88 -0.355) (end -1.941993 -0.355) (layer F.SilkS) (width 0.12))
    (fp_line (start -5.88 -0.465) (end -1.871145 -0.465) (layer F.SilkS) (width 0.12))
    (fp_line (start -5.88 -0.575) (end -1.766966 -0.575) (layer F.SilkS) (width 0.12))
    (fp_line (start 0 2.79) (end 0 2.29) (layer F.Fab) (width 0.1))
    (fp_line (start -1.42 2.79) (end 0 2.79) (layer F.Fab) (width 0.1))
    (fp_line (start 0 2.29) (end -1.42 2.29) (layer F.Fab) (width 0.1))
    (fp_line (start 0 1.52) (end 0 1.02) (layer F.Fab) (width 0.1))
    (fp_line (start -1.42 1.52) (end 0 1.52) (layer F.Fab) (width 0.1))
    (fp_line (start 0 1.02) (end -1.42 1.02) (layer F.Fab) (width 0.1))
    (fp_line (start 0 0.25) (end 0 -0.25) (layer F.Fab) (width 0.1))
    (fp_line (start -1.42 0.25) (end 0 0.25) (layer F.Fab) (width 0.1))
    (fp_line (start 0 -0.25) (end -1.42 -0.25) (layer F.Fab) (width 0.1))
    (fp_line (start -5.82 3.175) (end -5.82 -0.635) (layer F.Fab) (width 0.1))
    (fp_line (start -1.42 3.175) (end -5.82 3.175) (layer F.Fab) (width 0.1))
    (fp_line (start -1.42 -0.25) (end -1.42 3.175) (layer F.Fab) (width 0.1))
    (fp_line (start -1.805 -0.635) (end -1.42 -0.25) (layer F.Fab) (width 0.1))
    (fp_line (start -5.82 -0.635) (end -1.805 -0.635) (layer F.Fab) (width 0.1))
    (fp_text user %R (at -3.62 1.27 90) (layer F.Fab)
      (effects (font (size 1 1) (thickness 0.15)))
    )
    (pad 6 thru_hole oval (at -1.27 2.54 270) (size 1 1) (drill 0.65) (layers *.Cu *.Mask)
      (net 11 /scl0))
    (pad 5 thru_hole oval (at 0 2.54 270) (size 1 1) (drill 0.65) (layers *.Cu *.Mask)
      (net 12 /sda0))
    (pad 4 thru_hole oval (at -1.27 1.27 270) (size 1 1) (drill 0.65) (layers *.Cu *.Mask)
      (net 5 GND1))
    (pad 3 thru_hole oval (at 0 1.27 270) (size 1 1) (drill 0.65) (layers *.Cu *.Mask)
      (net 5 GND1))
    (pad 2 thru_hole oval (at -1.27 0 270) (size 1 1) (drill 0.65) (layers *.Cu *.Mask)
      (net 6 +5P))
    (pad 1 thru_hole rect (at 0 0 270) (size 1 1) (drill 0.65) (layers *.Cu *.Mask)
      (net 6 +5P))
    (model ${KISYS3DMOD}/Connector_PinSocket_1.27mm.3dshapes/PinSocket_2x03_P1.27mm_Horizontal.wrl
      (at (xyz 0 0 0))
      (scale (xyz 1 1 1))
      (rotate (xyz 0 0 0))
    )
  )

  (module Modules:C_K73-17_W26.0mm_H15.0mm_T9.0mm_P22.5mm_d0.8mm_Horiz2 (layer B.Cu) (tedit 61CD654D) (tstamp 61C9402D)
    (at 75.013 75.682)
    (path /5FDE5BB0)
    (fp_text reference C5 (at 0.021 2.794) (layer B.SilkS)
      (effects (font (size 1 1) (thickness 0.15)) (justify mirror))
    )
    (fp_text value 0.47uF (at 11.049 -18.796) (layer B.Fab)
      (effects (font (size 1 1) (thickness 0.15)) (justify mirror))
    )
    (fp_line (start -1.75 1.75) (end -1.75 -17.526) (layer B.Fab) (width 0.1))
    (fp_line (start -1.75 -17.526) (end 24.25 -17.526) (layer B.Fab) (width 0.1))
    (fp_line (start 24.25 -17.526) (end 24.25 1.75) (layer B.Fab) (width 0.1))
    (fp_line (start 24.25 1.75) (end -1.75 1.75) (layer B.Fab) (width 0.1))
    (fp_line (start -1.87 1.87) (end 24.37 1.87) (layer B.SilkS) (width 0.12))
    (fp_line (start -1.87 -17.653) (end 24.37 -17.653) (layer B.SilkS) (width 0.12))
    (fp_line (start -1.87 1.87) (end -1.87 -17.653) (layer B.SilkS) (width 0.12))
    (fp_line (start 24.37 1.87) (end 24.37 -17.653) (layer B.SilkS) (width 0.12))
    (fp_text user %R (at 11 -1.143) (layer B.Fab)
      (effects (font (size 1 1) (thickness 0.15)) (justify mirror))
    )
    (pad 2 thru_hole circle (at 22.5 0) (size 2 2) (drill 1.2) (layers *.Cu *.Mask)
      (net 26 "Net-(C5-Pad2)"))
    (pad 1 thru_hole circle (at 0 0) (size 2 2) (drill 1.2) (layers *.Cu *.Mask)
      (net 27 "Net-(C5-Pad1)"))
    (model ${KIPRJMOD}/../../KiCAD_libraries/3D-models/C_K73-17/C_K73-17_W26.0mm_T9.0mm_H15.0mm_P22.5mm_d0.8mm_Horiz2.stp
      (offset (xyz 11.25 -2.9 7.2))
      (scale (xyz 1 1 1))
      (rotate (xyz -90 0 0))
    )
  )

  (module Package_SO:SOIC-8_3.9x4.9mm_P1.27mm (layer F.Cu) (tedit 5D9F72B1) (tstamp 61CBFF77)
    (at 67.668 62.347 270)
    (descr "SOIC, 8 Pin (JEDEC MS-012AA, https://www.analog.com/media/en/package-pcb-resources/package/pkg_pdf/soic_narrow-r/r_8.pdf), generated with kicad-footprint-generator ipc_gullwing_generator.py")
    (tags "SOIC SO")
    (path /61D42442)
    (attr smd)
    (fp_text reference U1 (at -4.699 2.159 270) (layer F.SilkS)
      (effects (font (size 1 1) (thickness 0.15)))
    )
    (fp_text value ADuM1251ARZ (at 0 3.4 270) (layer F.Fab)
      (effects (font (size 1 1) (thickness 0.15)))
    )
    (fp_line (start 0 2.56) (end 1.95 2.56) (layer F.SilkS) (width 0.12))
    (fp_line (start 0 2.56) (end -1.95 2.56) (layer F.SilkS) (width 0.12))
    (fp_line (start 0 -2.56) (end 1.95 -2.56) (layer F.SilkS) (width 0.12))
    (fp_line (start 0 -2.56) (end -3.45 -2.56) (layer F.SilkS) (width 0.12))
    (fp_line (start -0.975 -2.45) (end 1.95 -2.45) (layer F.Fab) (width 0.1))
    (fp_line (start 1.95 -2.45) (end 1.95 2.45) (layer F.Fab) (width 0.1))
    (fp_line (start 1.95 2.45) (end -1.95 2.45) (layer F.Fab) (width 0.1))
    (fp_line (start -1.95 2.45) (end -1.95 -1.475) (layer F.Fab) (width 0.1))
    (fp_line (start -1.95 -1.475) (end -0.975 -2.45) (layer F.Fab) (width 0.1))
    (fp_line (start -3.7 -2.7) (end -3.7 2.7) (layer F.CrtYd) (width 0.05))
    (fp_line (start -3.7 2.7) (end 3.7 2.7) (layer F.CrtYd) (width 0.05))
    (fp_line (start 3.7 2.7) (end 3.7 -2.7) (layer F.CrtYd) (width 0.05))
    (fp_line (start 3.7 -2.7) (end -3.7 -2.7) (layer F.CrtYd) (width 0.05))
    (fp_text user %R (at 0 0 270) (layer F.Fab)
      (effects (font (size 0.98 0.98) (thickness 0.15)))
    )
    (pad 8 smd roundrect (at 2.475 -1.905 270) (size 1.95 0.6) (layers F.Cu F.Paste F.Mask) (roundrect_rratio 0.25)
      (net 9 +5VP))
    (pad 7 smd roundrect (at 2.475 -0.635 270) (size 1.95 0.6) (layers F.Cu F.Paste F.Mask) (roundrect_rratio 0.25)
      (net 15 /I2C_SDA))
    (pad 6 smd roundrect (at 2.475 0.635 270) (size 1.95 0.6) (layers F.Cu F.Paste F.Mask) (roundrect_rratio 0.25)
      (net 16 /I2C_SCL))
    (pad 5 smd roundrect (at 2.475 1.905 270) (size 1.95 0.6) (layers F.Cu F.Paste F.Mask) (roundrect_rratio 0.25)
      (net 8 GND2))
    (pad 4 smd roundrect (at -2.475 1.905 270) (size 1.95 0.6) (layers F.Cu F.Paste F.Mask) (roundrect_rratio 0.25)
      (net 5 GND1))
    (pad 3 smd roundrect (at -2.475 0.635 270) (size 1.95 0.6) (layers F.Cu F.Paste F.Mask) (roundrect_rratio 0.25)
      (net 38 "Net-(Q4-Pad2)"))
    (pad 2 smd roundrect (at -2.475 -0.635 270) (size 1.95 0.6) (layers F.Cu F.Paste F.Mask) (roundrect_rratio 0.25)
      (net 37 "Net-(Q3-Pad2)"))
    (pad 1 smd roundrect (at -2.475 -1.905 270) (size 1.95 0.6) (layers F.Cu F.Paste F.Mask) (roundrect_rratio 0.25)
      (net 6 +5P))
    (model ${KISYS3DMOD}/Package_SO.3dshapes/SOIC-8_3.9x4.9mm_P1.27mm.wrl
      (at (xyz 0 0 0))
      (scale (xyz 1 1 1))
      (rotate (xyz 0 0 0))
    )
  )

  (module Resistor_SMD:R_0603_1608Metric (layer F.Cu) (tedit 5F68FEEE) (tstamp 61CBFBB0)
    (at 90.592 55.997)
    (descr "Resistor SMD 0603 (1608 Metric), square (rectangular) end terminal, IPC_7351 nominal, (Body size source: IPC-SM-782 page 72, https://www.pcb-3d.com/wordpress/wp-content/uploads/ipc-sm-782a_amendment_1_and_2.pdf), generated with kicad-footprint-generator")
    (tags resistor)
    (path /6217751A)
    (attr smd)
    (fp_text reference R16 (at -2.858 0 -180) (layer F.SilkS)
      (effects (font (size 1 1) (thickness 0.15)))
    )
    (fp_text value 20k (at 0 1.43 -180) (layer F.Fab)
      (effects (font (size 1 1) (thickness 0.15)))
    )
    (fp_line (start -0.8 0.4125) (end -0.8 -0.4125) (layer F.Fab) (width 0.1))
    (fp_line (start -0.8 -0.4125) (end 0.8 -0.4125) (layer F.Fab) (width 0.1))
    (fp_line (start 0.8 -0.4125) (end 0.8 0.4125) (layer F.Fab) (width 0.1))
    (fp_line (start 0.8 0.4125) (end -0.8 0.4125) (layer F.Fab) (width 0.1))
    (fp_line (start -0.237258 -0.5225) (end 0.237258 -0.5225) (layer F.SilkS) (width 0.12))
    (fp_line (start -0.237258 0.5225) (end 0.237258 0.5225) (layer F.SilkS) (width 0.12))
    (fp_line (start -1.48 0.73) (end -1.48 -0.73) (layer F.CrtYd) (width 0.05))
    (fp_line (start -1.48 -0.73) (end 1.48 -0.73) (layer F.CrtYd) (width 0.05))
    (fp_line (start 1.48 -0.73) (end 1.48 0.73) (layer F.CrtYd) (width 0.05))
    (fp_line (start 1.48 0.73) (end -1.48 0.73) (layer F.CrtYd) (width 0.05))
    (fp_text user %R (at 0 0 -180) (layer F.Fab)
      (effects (font (size 0.4 0.4) (thickness 0.06)))
    )
    (pad 2 smd roundrect (at 0.825 0) (size 0.8 0.95) (layers F.Cu F.Paste F.Mask) (roundrect_rratio 0.25)
      (net 8 GND2))
    (pad 1 smd roundrect (at -0.825 0) (size 0.8 0.95) (layers F.Cu F.Paste F.Mask) (roundrect_rratio 0.25)
      (net 18 "Net-(Q6-Pad1)"))
    (model ${KISYS3DMOD}/Resistor_SMD.3dshapes/R_0603_1608Metric.wrl
      (at (xyz 0 0 0))
      (scale (xyz 1 1 1))
      (rotate (xyz 0 0 0))
    )
  )

  (module Resistor_SMD:R_0603_1608Metric (layer B.Cu) (tedit 5F68FEEE) (tstamp 61CBFB9F)
    (at 90.592 55.997)
    (descr "Resistor SMD 0603 (1608 Metric), square (rectangular) end terminal, IPC_7351 nominal, (Body size source: IPC-SM-782 page 72, https://www.pcb-3d.com/wordpress/wp-content/uploads/ipc-sm-782a_amendment_1_and_2.pdf), generated with kicad-footprint-generator")
    (tags resistor)
    (path /6214059A)
    (attr smd)
    (fp_text reference R15 (at -2.858 0) (layer B.SilkS)
      (effects (font (size 1 1) (thickness 0.15)) (justify mirror))
    )
    (fp_text value 20k (at 0 -1.43) (layer B.Fab)
      (effects (font (size 1 1) (thickness 0.15)) (justify mirror))
    )
    (fp_line (start -0.8 -0.4125) (end -0.8 0.4125) (layer B.Fab) (width 0.1))
    (fp_line (start -0.8 0.4125) (end 0.8 0.4125) (layer B.Fab) (width 0.1))
    (fp_line (start 0.8 0.4125) (end 0.8 -0.4125) (layer B.Fab) (width 0.1))
    (fp_line (start 0.8 -0.4125) (end -0.8 -0.4125) (layer B.Fab) (width 0.1))
    (fp_line (start -0.237258 0.5225) (end 0.237258 0.5225) (layer B.SilkS) (width 0.12))
    (fp_line (start -0.237258 -0.5225) (end 0.237258 -0.5225) (layer B.SilkS) (width 0.12))
    (fp_line (start -1.48 -0.73) (end -1.48 0.73) (layer B.CrtYd) (width 0.05))
    (fp_line (start -1.48 0.73) (end 1.48 0.73) (layer B.CrtYd) (width 0.05))
    (fp_line (start 1.48 0.73) (end 1.48 -0.73) (layer B.CrtYd) (width 0.05))
    (fp_line (start 1.48 -0.73) (end -1.48 -0.73) (layer B.CrtYd) (width 0.05))
    (fp_text user %R (at 0 0) (layer B.Fab)
      (effects (font (size 0.4 0.4) (thickness 0.06)) (justify mirror))
    )
    (pad 2 smd roundrect (at 0.825 0) (size 0.8 0.95) (layers B.Cu B.Paste B.Mask) (roundrect_rratio 0.25)
      (net 8 GND2))
    (pad 1 smd roundrect (at -0.825 0) (size 0.8 0.95) (layers B.Cu B.Paste B.Mask) (roundrect_rratio 0.25)
      (net 17 "Net-(Q5-Pad1)"))
    (model ${KISYS3DMOD}/Resistor_SMD.3dshapes/R_0603_1608Metric.wrl
      (at (xyz 0 0 0))
      (scale (xyz 1 1 1))
      (rotate (xyz 0 0 0))
    )
  )

  (module Resistor_SMD:R_0603_1608Metric (layer F.Cu) (tedit 5F68FEEE) (tstamp 61CCE671)
    (at 90.591 57.8385)
    (descr "Resistor SMD 0603 (1608 Metric), square (rectangular) end terminal, IPC_7351 nominal, (Body size source: IPC-SM-782 page 72, https://www.pcb-3d.com/wordpress/wp-content/uploads/ipc-sm-782a_amendment_1_and_2.pdf), generated with kicad-footprint-generator")
    (tags resistor)
    (path /62177511)
    (attr smd)
    (fp_text reference R14 (at -2.857 0 -180) (layer F.SilkS)
      (effects (font (size 1 1) (thickness 0.15)))
    )
    (fp_text value 1k (at 0 1.43) (layer F.Fab)
      (effects (font (size 1 1) (thickness 0.15)))
    )
    (fp_line (start -0.8 0.4125) (end -0.8 -0.4125) (layer F.Fab) (width 0.1))
    (fp_line (start -0.8 -0.4125) (end 0.8 -0.4125) (layer F.Fab) (width 0.1))
    (fp_line (start 0.8 -0.4125) (end 0.8 0.4125) (layer F.Fab) (width 0.1))
    (fp_line (start 0.8 0.4125) (end -0.8 0.4125) (layer F.Fab) (width 0.1))
    (fp_line (start -0.237258 -0.5225) (end 0.237258 -0.5225) (layer F.SilkS) (width 0.12))
    (fp_line (start -0.237258 0.5225) (end 0.237258 0.5225) (layer F.SilkS) (width 0.12))
    (fp_line (start -1.48 0.73) (end -1.48 -0.73) (layer F.CrtYd) (width 0.05))
    (fp_line (start -1.48 -0.73) (end 1.48 -0.73) (layer F.CrtYd) (width 0.05))
    (fp_line (start 1.48 -0.73) (end 1.48 0.73) (layer F.CrtYd) (width 0.05))
    (fp_line (start 1.48 0.73) (end -1.48 0.73) (layer F.CrtYd) (width 0.05))
    (fp_text user %R (at 0 0) (layer F.Fab)
      (effects (font (size 0.4 0.4) (thickness 0.06)))
    )
    (pad 2 smd roundrect (at 0.825 0) (size 0.8 0.95) (layers F.Cu F.Paste F.Mask) (roundrect_rratio 0.25)
      (net 22 /K2_rst))
    (pad 1 smd roundrect (at -0.825 0) (size 0.8 0.95) (layers F.Cu F.Paste F.Mask) (roundrect_rratio 0.25)
      (net 18 "Net-(Q6-Pad1)"))
    (model ${KISYS3DMOD}/Resistor_SMD.3dshapes/R_0603_1608Metric.wrl
      (at (xyz 0 0 0))
      (scale (xyz 1 1 1))
      (rotate (xyz 0 0 0))
    )
  )

  (module Resistor_SMD:R_0603_1608Metric (layer B.Cu) (tedit 5F68FEEE) (tstamp 61CBFB7D)
    (at 90.591 57.8385)
    (descr "Resistor SMD 0603 (1608 Metric), square (rectangular) end terminal, IPC_7351 nominal, (Body size source: IPC-SM-782 page 72, https://www.pcb-3d.com/wordpress/wp-content/uploads/ipc-sm-782a_amendment_1_and_2.pdf), generated with kicad-footprint-generator")
    (tags resistor)
    (path /62140591)
    (attr smd)
    (fp_text reference R13 (at -2.857 0) (layer B.SilkS)
      (effects (font (size 1 1) (thickness 0.15)) (justify mirror))
    )
    (fp_text value 1k (at 0 -1.43) (layer B.Fab)
      (effects (font (size 1 1) (thickness 0.15)) (justify mirror))
    )
    (fp_line (start -0.8 -0.4125) (end -0.8 0.4125) (layer B.Fab) (width 0.1))
    (fp_line (start -0.8 0.4125) (end 0.8 0.4125) (layer B.Fab) (width 0.1))
    (fp_line (start 0.8 0.4125) (end 0.8 -0.4125) (layer B.Fab) (width 0.1))
    (fp_line (start 0.8 -0.4125) (end -0.8 -0.4125) (layer B.Fab) (width 0.1))
    (fp_line (start -0.237258 0.5225) (end 0.237258 0.5225) (layer B.SilkS) (width 0.12))
    (fp_line (start -0.237258 -0.5225) (end 0.237258 -0.5225) (layer B.SilkS) (width 0.12))
    (fp_line (start -1.48 -0.73) (end -1.48 0.73) (layer B.CrtYd) (width 0.05))
    (fp_line (start -1.48 0.73) (end 1.48 0.73) (layer B.CrtYd) (width 0.05))
    (fp_line (start 1.48 0.73) (end 1.48 -0.73) (layer B.CrtYd) (width 0.05))
    (fp_line (start 1.48 -0.73) (end -1.48 -0.73) (layer B.CrtYd) (width 0.05))
    (fp_text user %R (at 0 0) (layer B.Fab)
      (effects (font (size 0.4 0.4) (thickness 0.06)) (justify mirror))
    )
    (pad 2 smd roundrect (at 0.825 0) (size 0.8 0.95) (layers B.Cu B.Paste B.Mask) (roundrect_rratio 0.25)
      (net 21 /K2_set))
    (pad 1 smd roundrect (at -0.825 0) (size 0.8 0.95) (layers B.Cu B.Paste B.Mask) (roundrect_rratio 0.25)
      (net 17 "Net-(Q5-Pad1)"))
    (model ${KISYS3DMOD}/Resistor_SMD.3dshapes/R_0603_1608Metric.wrl
      (at (xyz 0 0 0))
      (scale (xyz 1 1 1))
      (rotate (xyz 0 0 0))
    )
  )

  (module Resistor_SMD:R_0603_1608Metric (layer F.Cu) (tedit 5F68FEEE) (tstamp 61CE0FB2)
    (at 82.844 55.997 180)
    (descr "Resistor SMD 0603 (1608 Metric), square (rectangular) end terminal, IPC_7351 nominal, (Body size source: IPC-SM-782 page 72, https://www.pcb-3d.com/wordpress/wp-content/uploads/ipc-sm-782a_amendment_1_and_2.pdf), generated with kicad-footprint-generator")
    (tags resistor)
    (path /620826F0)
    (attr smd)
    (fp_text reference R4 (at -2.35 0) (layer F.SilkS)
      (effects (font (size 1 1) (thickness 0.15)))
    )
    (fp_text value 20k (at 0 1.43) (layer F.Fab)
      (effects (font (size 1 1) (thickness 0.15)))
    )
    (fp_line (start -0.8 0.4125) (end -0.8 -0.4125) (layer F.Fab) (width 0.1))
    (fp_line (start -0.8 -0.4125) (end 0.8 -0.4125) (layer F.Fab) (width 0.1))
    (fp_line (start 0.8 -0.4125) (end 0.8 0.4125) (layer F.Fab) (width 0.1))
    (fp_line (start 0.8 0.4125) (end -0.8 0.4125) (layer F.Fab) (width 0.1))
    (fp_line (start -0.237258 -0.5225) (end 0.237258 -0.5225) (layer F.SilkS) (width 0.12))
    (fp_line (start -0.237258 0.5225) (end 0.237258 0.5225) (layer F.SilkS) (width 0.12))
    (fp_line (start -1.48 0.73) (end -1.48 -0.73) (layer F.CrtYd) (width 0.05))
    (fp_line (start -1.48 -0.73) (end 1.48 -0.73) (layer F.CrtYd) (width 0.05))
    (fp_line (start 1.48 -0.73) (end 1.48 0.73) (layer F.CrtYd) (width 0.05))
    (fp_line (start 1.48 0.73) (end -1.48 0.73) (layer F.CrtYd) (width 0.05))
    (fp_text user %R (at 0 0) (layer F.Fab)
      (effects (font (size 0.4 0.4) (thickness 0.06)))
    )
    (pad 2 smd roundrect (at 0.825 0 180) (size 0.8 0.95) (layers F.Cu F.Paste F.Mask) (roundrect_rratio 0.25)
      (net 8 GND2))
    (pad 1 smd roundrect (at -0.825 0 180) (size 0.8 0.95) (layers F.Cu F.Paste F.Mask) (roundrect_rratio 0.25)
      (net 36 "Net-(Q2-Pad1)"))
    (model ${KISYS3DMOD}/Resistor_SMD.3dshapes/R_0603_1608Metric.wrl
      (at (xyz 0 0 0))
      (scale (xyz 1 1 1))
      (rotate (xyz 0 0 0))
    )
  )

  (module Resistor_SMD:R_0603_1608Metric (layer F.Cu) (tedit 5F68FEEE) (tstamp 61CBFB5B)
    (at 82.844 57.521)
    (descr "Resistor SMD 0603 (1608 Metric), square (rectangular) end terminal, IPC_7351 nominal, (Body size source: IPC-SM-782 page 72, https://www.pcb-3d.com/wordpress/wp-content/uploads/ipc-sm-782a_amendment_1_and_2.pdf), generated with kicad-footprint-generator")
    (tags resistor)
    (path /620826E7)
    (attr smd)
    (fp_text reference R2 (at 2.35 0) (layer F.SilkS)
      (effects (font (size 1 1) (thickness 0.15)))
    )
    (fp_text value 1k (at 0 1.43) (layer F.Fab)
      (effects (font (size 1 1) (thickness 0.15)))
    )
    (fp_line (start -0.8 0.4125) (end -0.8 -0.4125) (layer F.Fab) (width 0.1))
    (fp_line (start -0.8 -0.4125) (end 0.8 -0.4125) (layer F.Fab) (width 0.1))
    (fp_line (start 0.8 -0.4125) (end 0.8 0.4125) (layer F.Fab) (width 0.1))
    (fp_line (start 0.8 0.4125) (end -0.8 0.4125) (layer F.Fab) (width 0.1))
    (fp_line (start -0.237258 -0.5225) (end 0.237258 -0.5225) (layer F.SilkS) (width 0.12))
    (fp_line (start -0.237258 0.5225) (end 0.237258 0.5225) (layer F.SilkS) (width 0.12))
    (fp_line (start -1.48 0.73) (end -1.48 -0.73) (layer F.CrtYd) (width 0.05))
    (fp_line (start -1.48 -0.73) (end 1.48 -0.73) (layer F.CrtYd) (width 0.05))
    (fp_line (start 1.48 -0.73) (end 1.48 0.73) (layer F.CrtYd) (width 0.05))
    (fp_line (start 1.48 0.73) (end -1.48 0.73) (layer F.CrtYd) (width 0.05))
    (fp_text user %R (at 0 0) (layer F.Fab)
      (effects (font (size 0.4 0.4) (thickness 0.06)))
    )
    (pad 2 smd roundrect (at 0.825 0) (size 0.8 0.95) (layers F.Cu F.Paste F.Mask) (roundrect_rratio 0.25)
      (net 20 /K1_rst))
    (pad 1 smd roundrect (at -0.825 0) (size 0.8 0.95) (layers F.Cu F.Paste F.Mask) (roundrect_rratio 0.25)
      (net 36 "Net-(Q2-Pad1)"))
    (model ${KISYS3DMOD}/Resistor_SMD.3dshapes/R_0603_1608Metric.wrl
      (at (xyz 0 0 0))
      (scale (xyz 1 1 1))
      (rotate (xyz 0 0 0))
    )
  )

  (module Resistor_SMD:R_0603_1608Metric (layer B.Cu) (tedit 5F68FEEE) (tstamp 61CBFB4A)
    (at 82.844 55.997 180)
    (descr "Resistor SMD 0603 (1608 Metric), square (rectangular) end terminal, IPC_7351 nominal, (Body size source: IPC-SM-782 page 72, https://www.pcb-3d.com/wordpress/wp-content/uploads/ipc-sm-782a_amendment_1_and_2.pdf), generated with kicad-footprint-generator")
    (tags resistor)
    (path /61FFD92C)
    (attr smd)
    (fp_text reference R3 (at -2.35 0) (layer B.SilkS)
      (effects (font (size 1 1) (thickness 0.15)) (justify mirror))
    )
    (fp_text value 20k (at 0 -1.43) (layer B.Fab)
      (effects (font (size 1 1) (thickness 0.15)) (justify mirror))
    )
    (fp_line (start -0.8 -0.4125) (end -0.8 0.4125) (layer B.Fab) (width 0.1))
    (fp_line (start -0.8 0.4125) (end 0.8 0.4125) (layer B.Fab) (width 0.1))
    (fp_line (start 0.8 0.4125) (end 0.8 -0.4125) (layer B.Fab) (width 0.1))
    (fp_line (start 0.8 -0.4125) (end -0.8 -0.4125) (layer B.Fab) (width 0.1))
    (fp_line (start -0.237258 0.5225) (end 0.237258 0.5225) (layer B.SilkS) (width 0.12))
    (fp_line (start -0.237258 -0.5225) (end 0.237258 -0.5225) (layer B.SilkS) (width 0.12))
    (fp_line (start -1.48 -0.73) (end -1.48 0.73) (layer B.CrtYd) (width 0.05))
    (fp_line (start -1.48 0.73) (end 1.48 0.73) (layer B.CrtYd) (width 0.05))
    (fp_line (start 1.48 0.73) (end 1.48 -0.73) (layer B.CrtYd) (width 0.05))
    (fp_line (start 1.48 -0.73) (end -1.48 -0.73) (layer B.CrtYd) (width 0.05))
    (fp_text user %R (at 0 0) (layer B.Fab)
      (effects (font (size 0.4 0.4) (thickness 0.06)) (justify mirror))
    )
    (pad 2 smd roundrect (at 0.825 0 180) (size 0.8 0.95) (layers B.Cu B.Paste B.Mask) (roundrect_rratio 0.25)
      (net 8 GND2))
    (pad 1 smd roundrect (at -0.825 0 180) (size 0.8 0.95) (layers B.Cu B.Paste B.Mask) (roundrect_rratio 0.25)
      (net 34 "Net-(Q1-Pad1)"))
    (model ${KISYS3DMOD}/Resistor_SMD.3dshapes/R_0603_1608Metric.wrl
      (at (xyz 0 0 0))
      (scale (xyz 1 1 1))
      (rotate (xyz 0 0 0))
    )
  )

  (module Resistor_SMD:R_0603_1608Metric (layer B.Cu) (tedit 5F68FEEE) (tstamp 61CBFB39)
    (at 82.844 57.521)
    (descr "Resistor SMD 0603 (1608 Metric), square (rectangular) end terminal, IPC_7351 nominal, (Body size source: IPC-SM-782 page 72, https://www.pcb-3d.com/wordpress/wp-content/uploads/ipc-sm-782a_amendment_1_and_2.pdf), generated with kicad-footprint-generator")
    (tags resistor)
    (path /61FFD923)
    (attr smd)
    (fp_text reference R1 (at 2.35 0) (layer B.SilkS)
      (effects (font (size 1 1) (thickness 0.15)) (justify mirror))
    )
    (fp_text value 1k (at 0 -1.43) (layer B.Fab)
      (effects (font (size 1 1) (thickness 0.15)) (justify mirror))
    )
    (fp_line (start -0.8 -0.4125) (end -0.8 0.4125) (layer B.Fab) (width 0.1))
    (fp_line (start -0.8 0.4125) (end 0.8 0.4125) (layer B.Fab) (width 0.1))
    (fp_line (start 0.8 0.4125) (end 0.8 -0.4125) (layer B.Fab) (width 0.1))
    (fp_line (start 0.8 -0.4125) (end -0.8 -0.4125) (layer B.Fab) (width 0.1))
    (fp_line (start -0.237258 0.5225) (end 0.237258 0.5225) (layer B.SilkS) (width 0.12))
    (fp_line (start -0.237258 -0.5225) (end 0.237258 -0.5225) (layer B.SilkS) (width 0.12))
    (fp_line (start -1.48 -0.73) (end -1.48 0.73) (layer B.CrtYd) (width 0.05))
    (fp_line (start -1.48 0.73) (end 1.48 0.73) (layer B.CrtYd) (width 0.05))
    (fp_line (start 1.48 0.73) (end 1.48 -0.73) (layer B.CrtYd) (width 0.05))
    (fp_line (start 1.48 -0.73) (end -1.48 -0.73) (layer B.CrtYd) (width 0.05))
    (fp_text user %R (at 0 0) (layer B.Fab)
      (effects (font (size 0.4 0.4) (thickness 0.06)) (justify mirror))
    )
    (pad 2 smd roundrect (at 0.825 0) (size 0.8 0.95) (layers B.Cu B.Paste B.Mask) (roundrect_rratio 0.25)
      (net 19 /K1_set))
    (pad 1 smd roundrect (at -0.825 0) (size 0.8 0.95) (layers B.Cu B.Paste B.Mask) (roundrect_rratio 0.25)
      (net 34 "Net-(Q1-Pad1)"))
    (model ${KISYS3DMOD}/Resistor_SMD.3dshapes/R_0603_1608Metric.wrl
      (at (xyz 0 0 0))
      (scale (xyz 1 1 1))
      (rotate (xyz 0 0 0))
    )
  )

  (module Package_TO_SOT_SMD:SOT-23 (layer F.Cu) (tedit 5A02FF57) (tstamp 61CBF8D6)
    (at 93.891 57.0605 270)
    (descr "SOT-23, Standard")
    (tags SOT-23)
    (path /6217750A)
    (attr smd)
    (fp_text reference Q6 (at 2.1115 3.744) (layer F.SilkS)
      (effects (font (size 1 1) (thickness 0.15)))
    )
    (fp_text value 2N5551S (at 0 2.5 90) (layer F.Fab)
      (effects (font (size 1 1) (thickness 0.15)))
    )
    (fp_line (start -0.7 -0.95) (end -0.7 1.5) (layer F.Fab) (width 0.1))
    (fp_line (start -0.15 -1.52) (end 0.7 -1.52) (layer F.Fab) (width 0.1))
    (fp_line (start -0.7 -0.95) (end -0.15 -1.52) (layer F.Fab) (width 0.1))
    (fp_line (start 0.7 -1.52) (end 0.7 1.52) (layer F.Fab) (width 0.1))
    (fp_line (start -0.7 1.52) (end 0.7 1.52) (layer F.Fab) (width 0.1))
    (fp_line (start 0.76 1.58) (end 0.76 0.65) (layer F.SilkS) (width 0.12))
    (fp_line (start 0.76 -1.58) (end 0.76 -0.65) (layer F.SilkS) (width 0.12))
    (fp_line (start -1.7 -1.75) (end 1.7 -1.75) (layer F.CrtYd) (width 0.05))
    (fp_line (start 1.7 -1.75) (end 1.7 1.75) (layer F.CrtYd) (width 0.05))
    (fp_line (start 1.7 1.75) (end -1.7 1.75) (layer F.CrtYd) (width 0.05))
    (fp_line (start -1.7 1.75) (end -1.7 -1.75) (layer F.CrtYd) (width 0.05))
    (fp_line (start 0.76 -1.58) (end -1.4 -1.58) (layer F.SilkS) (width 0.12))
    (fp_line (start 0.76 1.58) (end -0.7 1.58) (layer F.SilkS) (width 0.12))
    (fp_text user %R (at 0 0) (layer F.Fab)
      (effects (font (size 0.5 0.5) (thickness 0.075)))
    )
    (pad 3 smd rect (at 1 0 270) (size 0.9 0.8) (layers F.Cu F.Paste F.Mask)
      (net 25 "Net-(Q6-Pad3)"))
    (pad 2 smd rect (at -1 0.95 270) (size 0.9 0.8) (layers F.Cu F.Paste F.Mask)
      (net 8 GND2))
    (pad 1 smd rect (at -1 -0.95 270) (size 0.9 0.8) (layers F.Cu F.Paste F.Mask)
      (net 18 "Net-(Q6-Pad1)"))
    (model ${KISYS3DMOD}/Package_TO_SOT_SMD.3dshapes/SOT-23.wrl
      (at (xyz 0 0 0))
      (scale (xyz 1 1 1))
      (rotate (xyz 0 0 0))
    )
  )

  (module Package_TO_SOT_SMD:SOT-23 (layer B.Cu) (tedit 5A02FF57) (tstamp 61CBF8C1)
    (at 93.941 57.0105)
    (descr "SOT-23, Standard")
    (tags SOT-23)
    (path /6214058A)
    (attr smd)
    (fp_text reference Q5 (at -3.794 2.1615) (layer B.SilkS)
